[gd_scene load_steps=5 format=3 uid="uid://b1o1fpigjo8tb"]

[ext_resource type="Script" path="res://src/player/player.gd" id="1_l327s"]

[sub_resource type="CapsuleMesh" id="CapsuleMesh_iw1p6"]
radius = 0.25
height = 1.0

[sub_resource type="CapsuleShape3D" id="CapsuleShape3D_moo80"]
radius = 0.259333
height = 1.00332

[sub_resource type="BoxMesh" id="BoxMesh_v5hed"]
size = Vector3(0.05, 0.05, 1)

[node name="Player" type="CharacterBody3D"]
script = ExtResource("1_l327s")

[node name="MeshInstance3D" type="MeshInstance3D" parent="."]
mesh = SubResource("CapsuleMesh_iw1p6")

[node name="CollisionShape3D" type="CollisionShape3D" parent="."]
shape = SubResource("CapsuleShape3D_moo80")

[node name="CameraArm" type="Node3D" parent="."]
transform = Transform3D(0.995292, 0, -0.0969228, 0, 1, 0, 0.0969228, 0, 0.995292, 0, 0.324353, -0.0778051)

[node name="Camera3D" type="Camera3D" parent="CameraArm"]
transform = Transform3D(1, 0, 0, 0, 1, 0, 0, 0, 1, -1.49012e-08, -0.013371, -0.614684)
current = true
fov = 90.0

[node name="VewGun" type="Node3D" parent="CameraArm/Camera3D"]
transform = Transform3D(0.995292, 0, 0.0969228, 0, 1, 0, -0.0969228, 0, 0.995292, 0.143575, -0.187682, 0.254064)

[node name="MeshInstance3D" type="MeshInstance3D" parent="CameraArm/Camera3D/VewGun"]
transform = Transform3D(0.970294, -0.0555487, 0.235465, 0.0544191, 0.998454, 0.011298, -0.235729, 0.00185147, 0.971817, 0.114307, 0.059977, -0.0260139)
mesh = SubResource("BoxMesh_v5hed")
